20368849
20368845
20368841
20368812
20368802
20368771
20368768
20368758
20368752
20368732
20368728
20368723
20368708
20368706
20368700
20368689
20368666
20368646
20368618
20368612
20368611
20368572
20368568
20368563
20368508
20368490
20368481
20368466
20368464
20368462
20368452
20368408
20368381
20368379
20368349
20368347
20368304
20368299
20368297
20368285
20368263
20368253
20368246
20368243
20368211
20368194
20368188
20368180
20368154
20368132
20368130
20368118
20368098
20368054
20368052
20368045
20368042
20368035
20368030
20367973
20367962
20367960
20367923
20367911
20367904
20367903
20367894
20367882
20367879
20367873
20367869
20367864
20367863
20367844
20367823
20367803
20367761
20367742
20367733
20367724
20367715
20367706
20367697
20367693
20367692
20367685
20367683
20367679
20367655
20367648
20367643
20367639
20367638
20367632
20367619
20367616
20367613
20367580
20367570
20367567
20367566
20367562
20367552
20367531
20367525
20367519
20367497
20367477
20367473
20367422
20367419
20367406
20367404
20367402
20367366
20367317
20367309
20367305
20367285
20367259
20367248
20367246
20367242
20367220
20367216
20367209
20367189
20367178
20367167
20367165
20367164
20367158
20367148
20367118
20367043
20367042
20367016
20367013
20366981
20366978
20366976
20366974
20366971
20366966
20366940
20366926
20366921
20366920
20366894
20366886
20366885
20366883
20366878
20366876
20366850
20366849
20366840
20366829
20366816
20366814
20366812
20366804
20366790
20366779
20366744
20366709
20366690
20366674
20366663
20366639
20366592
20366556
20366533
20366523
20366522
20366516
20366493
20366464
20366457
20366433
20366419
20366406
20366398
20366397
20366395
20366388
20366378
20366373
20366365
20366345
20366338
20366332
20366330
20366324
20366304
20366295
20366288
20366191
20366168
20366145
20366144
20366140
20366133
20366086
20366080
20366075
20366039
20366022
20366014
20365996
20365981
20365974
20365967
20365961
20365958
20365930
20365917
20365898
20365805
20365803
20365800
20365787
20365774
20365770
20365750
20365748
20365744
20365732
20365689
20365677
20365628
20365610
20365609
20365602
20365595
20365589
20365563
20365557
20365553
20365548
20365526
20365505
20365500
20365499
20365496
20365490
20365449
20365436
20365435
20365426
20365415
20365390
20365342
20365340
20365323
20365318
20365316
20365312
20365299
20365297
20365296
20365254
20365234
20365225
20365223
20365201
20365199
20365190
20365185
20365181
20365154
20365124
20365083
20365037
20365028
20365007
20364968
20364966
20364960
20364945
20364941
20364933
20364932
20364930
20364928
20364919
20364895
20364893
20364888
20364885
20364881
20364846
20364830
20364806
20364787
20364782
20364765
20364746
20364736
20364724
20364710
20364703
20364701
20364675
20364666
20364660
20364656
20364639
20364638
20364587
20364575
20364574
20364573
20364570
20364567
20364540
20364523
20364519
20364518
20364517
20364514
20364512
20364509
20364505
20364503
20364494
20364479
20364474
20364468
20364464
20364427
20364414
20364404
20364397
20364389
20364371
20364348
20364346
20364343
20364337
20364330
20364326
20364321
20364318
20364290
20364287
20364277
20364276
20364270
20364266
20364215
20364200
20364195
20364194
20364189
20364175
20364154
20364123
20364119
20364110
20364100
20364099
20364098
20364094
20364092
20364089
20364078
20364065
20364061
20364059
20364037
20364025
20364005
20363987
20363980
20363976
20363973
20363963
20363960
20363951
20363949
20363940
20363939
20363931
20363910
20363906
20363904
20363900
20363881
20363880
20363875
20363872
20363871
20363867
20363866
20363862
20363855
20363853
20363848
20363844
20363843
20363821
20363813
20363810
20363808
20363803
20363787
20363778
20363777
20363775
20363756
20363750
20363736
20363727
20363712
20363707
20363705
20363703
20363697
20363680
20363674
20363655
20363646
20363636
20363612
20363611
20363594
20363588
20363578
20363571
20363567
20363561
20363552
20363549
20363540
20363522
20363519
20363480
20363479
20363465
20363457
20363432
20363429
20363417
20363396
20363395
20363387
20363364
20363347
20363337
20363332
20363331
20363325
20363317
20363314
20363311
20363301
20363298
20363297
20363282
20363268
20363260
20363259
20363245
20363244
20363240
20363232
20363228
20363212
20363211
20363206
20363198
20363186
20363182
20363173
20363170
20363162
20363141
20363138
20363129
20363115
20363114
20363101
20363100
20363095
20363087
20363065
20363063
20363061
20363059
20363050
20363047
20363039
20363025
20363024
20363022
20363019
20362988
20362969
20362951
